00000000000000000000000000100000
00000000000000000000000000100000
00000000000000000000000000100000
00100000000000010000000000000001
00000000000000000000000000100000
00000000000000000000000000100000
00000000000000000000000000100000
00000000001000010001000000100000
00000000000000000000000000100000
00000000000000000000000000100000
00000000000000000000000000100000
00100000011000110000000000000001
00000000000000000000000000100000
00000000000000000000000000100000
00000000000000000000000000100000
00100000100001000000000000000011
00000000000000000000000000100000
00000000000000000000000000100000
00000000000000000000000000100000
00000000010000110000000000011000
00000000000000000000000000100000
00000000000000000000000000100000
00000000000000000000000000100000
00000000000000000010100000010010
00000000000000000000000000100000
00000000000000000000000000100000
00000000000000000000000000100000
00100000000000000000000000000001
00000000000000000000000000100000
00000000000000000000000000100000
00000000000000000000000000100000
00000000000001010011000001000000
00000000000000000000000000100000
00000000000000000000000000100000
00000000000000000000000000100000
00000000000001100011100010000010
00000000000000000000000000100000
00000000000000000000000000100000
00000000000000000000000000100000
00000000000000010100000100000011
00000000000000000000000000100000
00000000000000000000000000100000
00000000000000000000000000100000
00000001000000010100100000100010
00000000000000000000000000100000
00000000000000000000000000100000
00000000000000000000000000100000
00111100000010101010110010111101
00000000000000000000000000100000
00000000000000000000000000100000
00000000000000000000000000100000
00010000001000010000000000110000
00000000000000000000000000100000
00000000000000000000000000100000
00000000000000000000000000100000
00000000000000000000000000100000
00000000000000000000000000100000
00000000000000000000000000100000
00010100000000010000000000111001
00000000000000000000000000100000
00000000000000000000000000100000
00000000000000000000000000100000
10001101110011110000000000000000
00000000000000000000000000100000
00000000000000000000000000100000
00000000000000000000000000100000
10101110000011110000000000000000
00000000000000000000000000100000
00000000000000000000000000100000
00000000000000000000000000100000
00001000000000000000000001000111
00000000000000000000000000100000
00000000000000000000000000100000
00000000000000000000000000100000
00000001001010001000100000100100
00000000000000000000000000100000
00000000000000000000000000100000
00000000000000000000000000100000
00000001001010001001000000100101
00000000000000000000000000100000
00000000000000000000000000100000
00000000000000000000000000100000
00000001010000001001100000100111
00000000000000000000000000100000
00000000000000000000000000100000
00000000000000000000000000100000
00000001001100111010000000101000
00000000000000000000000000100000
00000000000000000000000000100000
00000000000000000000000000100000
00110000011101010000000000000010
00000000000000000000000000100000
00000000000000000000000000100000
00000000000000000000000000100000
00110100011101100000000000000010
00000000000000000000000000100000
00000000000000000000000000100000
00000000000000000000000000100000
00111000011101110000000000000010
00001000000000000000000010000000
00000000000000000000000000100000
00000000000000000000000000100000
00000000000000000000000000100000
00000000101001000000000000011010
00000000000000000000000000100000
00000000000000000000000000100000
00000000000000000000000000100000
00000000000000000101100000010000
00000000000000000000000000100000
00000000000000000000000000100000
00000000000000000000000000100000
00000000000000000110000000010010
00000000000000000000000000100000
00000000000000000000000000100000
00000000000000000000000000100000
00001000000000000000000000110111
00000000000000000000000000100000
00000000000000000000000000100000
00000000000000000000000000100000
00000000000000010110100000101010
00000000000000000000000000100000
00000000000000000000000000100000
00000000000000000000000000100000
00101000000011100000000000000001
00000000000000000000000000100000
00000000000000000000000000100000
00000000000000000000000000100000
00001000000000000000000000111011
00000000000000000000000000100000
00000000000000000000000000100000
00000000000000000000000000100000
